delta,light_intensity,grey_out
1,0.000100000,0
1,0.000120000,0
1,0.000144000,1
1,0.000172800,0
1,0.000207360,0
1,0.000248832,0
1,0.000298599,0
1,0.000358318,0
1,0.000429982,0
1,0.000515978,0
1,0.000619174,0
1,0.000743009,0
1,0.000891611,0
1,0.001069933,0
1,0.001283919,0
1,0.001540703,0
1,0.001848844,0
1,0.002218613,0
1,0.002662335,0
1,0.003194802,0
1,0.003833763,0
1,0.004600516,0
1,0.005520619,0
1,0.006624744,0
1,0.007949693,0
1,0.009539632,0
1,0.011447560,0
1,0.013737070,0
1,0.016484490,0
1,0.019781380,1
1,0.023737660,0
1,0.028485200,1
1,0.034182240,0
1,0.041018690,0
1,0.049222430,1
1,0.059066920,0
1,0.070880300,0
1,0.085056360,0
1,0.102067600,0
1,0.122481200,0
1,0.146977400,0
1,0.176372900,0
1,0.211647500,0
1,0.253977000,0
1,0.304772400,0
1,0.365726900,0
1,0.438872300,0
1,0.526646700,0
1,0.631976100,0
1,0.758371400,0
1,0.910045700,0
1,1.092055000,0
1,1.310466000,0
1,1.572559000,0
1,1.887071000,0
1,2.264486000,0
1,2.717383000,0
1,3.260860000,0
1,3.913032000,0
1,4.695638000,0
1,5.634766000,0
1,6.761720000,1
1,8.114064000,0
1,9.736877000,1
1,11.684250000,0
1,14.021100000,0
1,16.825330000,1
1,20.190390000,0
1,24.228470000,0
1,29.074170000,0
1,34.889000000,0
1,41.866810000,0
1,50.240170000,0
1,60.288200000,0
1,72.345850000,0
1,86.815020000,0
1,104.178000000,0
1,125.013600000,0
2,0.000100000,14
2,0.000120000,14
2,0.000144000,13
2,0.000172800,13
2,0.000207360,14
2,0.000248832,13
2,0.000298599,14
2,0.000358318,13
2,0.000429982,14
2,0.000515978,14
2,0.000619174,14
2,0.000743009,14
2,0.000891611,13
2,0.001069933,9
2,0.001283919,9
2,0.001540703,9
2,0.001848844,8
2,0.002218613,7
2,0.002662335,6
2,0.003194802,5
2,0.003833763,4
2,0.004600516,2
2,0.005520619,1
2,0.006624744,1
2,0.007949693,0
2,0.009539632,0
2,0.011447560,0
2,0.013737070,0
2,0.016484490,0
2,0.019781380,0
2,0.023737660,0
2,0.028485200,0
2,0.034182240,0
2,0.041018690,0
2,0.049222430,0
2,0.059066920,0
2,0.070880300,0
2,0.085056360,0
2,0.102067600,0
2,0.122481200,0
2,0.146977400,0
2,0.176372900,0
2,0.211647500,0
2,0.253977000,0
2,0.304772400,0
2,0.365726900,0
2,0.438872300,0
2,0.526646700,1
2,0.631976100,0
2,0.758371400,1
2,0.910045700,0
2,1.092055000,0
2,1.310466000,1
2,1.572559000,0
2,1.887071000,0
2,2.264486000,0
2,2.717383000,0
2,3.260860000,0
2,3.913032000,0
2,4.695638000,0
2,5.634766000,0
2,6.761720000,0
2,8.114064000,0
2,9.736877000,0
2,11.684250000,0
2,14.021100000,0
2,16.825330000,0
2,20.190390000,0
2,24.228470000,0
2,29.074170000,0
2,34.889000000,0
2,41.866810000,0
2,50.240170000,0
2,60.288200000,0
2,72.345850000,0
2,86.815020000,0
2,104.178000000,0
2,125.013600000,0
3,0.000100000,253
3,0.000120000,254
3,0.000144000,253
3,0.000172800,254
3,0.000207360,253
3,0.000248832,254
3,0.000298599,254
3,0.000358318,253
3,0.000429982,253
3,0.000515978,253
3,0.000619174,253
3,0.000743009,253
3,0.000891611,253
3,0.001069933,242
3,0.001283919,241
3,0.001540703,236
3,0.001848844,233
3,0.002218613,228
3,0.002662335,224
3,0.003194802,216
3,0.003833763,208
3,0.004600516,198
3,0.005520619,186
3,0.006624744,168
3,0.007949693,147
3,0.009539632,115
3,0.011447560,48
3,0.013737070,0
3,0.016484490,0
3,0.019781380,0
3,0.023737660,0
3,0.028485200,0
3,0.034182240,0
3,0.041018690,1
3,0.049222430,0
3,0.059066920,1
3,0.070880300,0
3,0.085056360,0
3,0.102067600,1
3,0.122481200,0
3,0.146977400,0
3,0.176372900,0
3,0.211647500,0
3,0.253977000,0
3,0.304772400,0
3,0.365726900,0
3,0.438872300,0
3,0.526646700,0
3,0.631976100,0
3,0.758371400,0
3,0.910045700,0
3,1.092055000,0
3,1.310466000,0
3,1.572559000,0
3,1.887071000,0
3,2.264486000,0
3,2.717383000,0
3,3.260860000,0
3,3.913032000,0
3,4.695638000,0
3,5.634766000,0
3,6.761720000,0
3,8.114064000,0
3,9.736877000,0
3,11.684250000,0
3,14.021100000,1
3,16.825330000,0
3,20.190390000,1
3,24.228470000,0
3,29.074170000,0
3,34.889000000,1
3,41.866810000,0
3,50.240170000,0
3,60.288200000,0
3,72.345850000,0
3,86.815020000,0
3,104.178000000,0
3,125.013600000,0
4,0.000100000,0
4,0.000120000,0
4,0.000144000,0
4,0.000172800,0
4,0.000207360,0
4,0.000248832,0
4,0.000298599,0
4,0.000358318,0
4,0.000429982,0
4,0.000515978,0
4,0.000619174,0
4,0.000743009,0
4,0.000891611,0
4,0.001069933,86
4,0.001283919,96
4,0.001540703,105
4,0.001848844,114
4,0.002218613,125
4,0.002662335,137
4,0.003194802,149
4,0.003833763,161
4,0.004600516,174
4,0.005520619,187
4,0.006624744,203
4,0.007949693,218
4,0.009539632,233
4,0.011447560,250
4,0.013737070,238
4,0.016484490,214
4,0.019781380,182
4,0.023737660,129
4,0.028485200,0
4,0.034182240,0
4,0.041018690,0
4,0.049222430,0
4,0.059066920,0
4,0.070880300,0
4,0.085056360,0
4,0.102067600,0
4,0.122481200,0
4,0.146977400,0
4,0.176372900,0
4,0.211647500,0
4,0.253977000,0
4,0.304772400,0
4,0.365726900,0
4,0.438872300,0
4,0.526646700,0
4,0.631976100,0
4,0.758371400,0
4,0.910045700,0
4,1.092055000,1
4,1.310466000,0
4,1.572559000,1
4,1.887071000,0
4,2.264486000,0
4,2.717383000,1
4,3.260860000,0
4,3.913032000,0
4,4.695638000,0
4,5.634766000,0
4,6.761720000,0
4,8.114064000,0
4,9.736877000,0
4,11.684250000,0
4,14.021100000,0
4,16.825330000,0
4,20.190390000,0
4,24.228470000,0
4,29.074170000,0
4,34.889000000,0
4,41.866810000,0
4,50.240170000,0
4,60.288200000,0
4,72.345850000,0
4,86.815020000,0
4,104.178000000,0
4,125.013600000,0
5,0.000100000,0
5,0.000120000,0
5,0.000144000,0
5,0.000172800,0
5,0.000207360,0
5,0.000248832,1
5,0.000298599,0
5,0.000358318,1
5,0.000429982,0
5,0.000515978,0
5,0.000619174,1
5,0.000743009,0
5,0.000891611,0
5,0.001069933,0
5,0.001283919,0
5,0.001540703,0
5,0.001848844,0
5,0.002218613,0
5,0.002662335,0
5,0.003194802,0
5,0.003833763,0
5,0.004600516,0
5,0.005520619,0
5,0.006624744,0
5,0.007949693,0
5,0.009539632,0
5,0.011447560,0
5,0.013737070,102
5,0.016484490,152
5,0.019781380,191
5,0.023737660,228
5,0.028485200,250
5,0.034182240,212
5,0.041018690,158
5,0.049222430,12
5,0.059066920,0
5,0.070880300,0
5,0.085056360,1
5,0.102067600,0
5,0.122481200,1
5,0.146977400,0
5,0.176372900,0
5,0.211647500,1
5,0.253977000,0
5,0.304772400,0
5,0.365726900,0
5,0.438872300,0
5,0.526646700,0
5,0.631976100,0
5,0.758371400,0
5,0.910045700,0
5,1.092055000,0
5,1.310466000,0
5,1.572559000,0
5,1.887071000,0
5,2.264486000,0
5,2.717383000,0
5,3.260860000,0
5,3.913032000,0
5,4.695638000,0
5,5.634766000,0
5,6.761720000,0
5,8.114064000,0
5,9.736877000,0
5,11.684250000,0
5,14.021100000,0
5,16.825330000,0
5,20.190390000,0
5,24.228470000,0
5,29.074170000,1
5,34.889000000,0
5,41.866810000,1
5,50.240170000,0
5,60.288200000,0
5,72.345850000,1
5,86.815020000,0
5,104.178000000,0
5,125.013600000,0
6,0.000100000,0
6,0.000120000,0
6,0.000144000,0
6,0.000172800,0
6,0.000207360,0
6,0.000248832,0
6,0.000298599,0
6,0.000358318,0
6,0.000429982,0
6,0.000515978,0
6,0.000619174,0
6,0.000743009,0
6,0.000891611,0
6,0.001069933,0
6,0.001283919,0
6,0.001540703,0
6,0.001848844,0
6,0.002218613,0
6,0.002662335,0
6,0.003194802,0
6,0.003833763,0
6,0.004600516,0
6,0.005520619,0
6,0.006624744,1
6,0.007949693,0
6,0.009539632,1
6,0.011447560,0
6,0.013737070,0
6,0.016484490,1
6,0.019781380,0
6,0.023737660,0
6,0.028485200,52
6,0.034182240,156
6,0.041018690,211
6,0.049222430,253
6,0.059066920,205
6,0.070880300,135
6,0.085056360,0
6,0.102067600,0
6,0.122481200,0
6,0.146977400,0
6,0.176372900,0
6,0.211647500,0
6,0.253977000,0
6,0.304772400,0
6,0.365726900,0
6,0.438872300,0
6,0.526646700,0
6,0.631976100,0
6,0.758371400,0
6,0.910045700,0
6,1.092055000,0
6,1.310466000,0
6,1.572559000,0
6,1.887071000,0
6,2.264486000,1
6,2.717383000,0
6,3.260860000,1
6,3.913032000,0
6,4.695638000,0
6,5.634766000,1
6,6.761720000,0
6,8.114064000,0
6,9.736877000,0
6,11.684250000,0
6,14.021100000,0
6,16.825330000,0
6,20.190390000,0
6,24.228470000,0
6,29.074170000,0
6,34.889000000,0
6,41.866810000,0
6,50.240170000,0
6,60.288200000,0
6,72.345850000,0
6,86.815020000,0
6,104.178000000,0
6,125.013600000,0
7,0.000100000,0
7,0.000120000,0
7,0.000144000,0
7,0.000172800,0
7,0.000207360,0
7,0.000248832,0
7,0.000298599,0
7,0.000358318,0
7,0.000429982,0
7,0.000515978,1
7,0.000619174,0
7,0.000743009,1
7,0.000891611,0
7,0.001069933,0
7,0.001283919,1
7,0.001540703,0
7,0.001848844,0
7,0.002218613,0
7,0.002662335,0
7,0.003194802,0
7,0.003833763,0
7,0.004600516,0
7,0.005520619,0
7,0.006624744,0
7,0.007949693,0
7,0.009539632,0
7,0.011447560,0
7,0.013737070,0
7,0.016484490,0
7,0.019781380,0
7,0.023737660,0
7,0.028485200,0
7,0.034182240,0
7,0.041018690,0
7,0.049222430,0
7,0.059066920,165
7,0.070880300,225
7,0.085056360,231
7,0.102067600,163
7,0.122481200,0
7,0.146977400,0
7,0.176372900,1
7,0.211647500,0
7,0.253977000,1
7,0.304772400,0
7,0.365726900,0
7,0.438872300,1
7,0.526646700,0
7,0.631976100,0
7,0.758371400,0
7,0.910045700,0
7,1.092055000,0
7,1.310466000,0
7,1.572559000,0
7,1.887071000,0
7,2.264486000,0
7,2.717383000,0
7,3.260860000,0
7,3.913032000,0
7,4.695638000,0
7,5.634766000,0
7,6.761720000,0
7,8.114064000,0
7,9.736877000,0
7,11.684250000,0
7,14.021100000,0
7,16.825330000,0
7,20.190390000,0
7,24.228470000,0
7,29.074170000,0
7,34.889000000,0
7,41.866810000,0
7,50.240170000,0
7,60.288200000,1
7,72.345850000,0
7,86.815020000,1
7,104.178000000,0
7,125.013600000,0
8,0.000100000,1
8,0.000120000,0
8,0.000144000,0
8,0.000172800,0
8,0.000207360,0
8,0.000248832,0
8,0.000298599,0
8,0.000358318,0
8,0.000429982,0
8,0.000515978,0
8,0.000619174,0
8,0.000743009,0
8,0.000891611,0
8,0.001069933,0
8,0.001283919,0
8,0.001540703,0
8,0.001848844,0
8,0.002218613,0
8,0.002662335,0
8,0.003194802,0
8,0.003833763,0
8,0.004600516,0
8,0.005520619,0
8,0.006624744,0
8,0.007949693,0
8,0.009539632,0
8,0.011447560,0
8,0.013737070,1
8,0.016484490,0
8,0.019781380,1
8,0.023737660,0
8,0.028485200,0
8,0.034182240,1
8,0.041018690,0
8,0.049222430,0
8,0.059066920,0
8,0.070880300,0
8,0.085056360,122
8,0.102067600,207
8,0.122481200,242
8,0.146977400,177
8,0.176372900,0
8,0.211647500,0
8,0.253977000,0
8,0.304772400,0
8,0.365726900,0
8,0.438872300,0
8,0.526646700,0
8,0.631976100,0
8,0.758371400,0
8,0.910045700,0
8,1.092055000,0
8,1.310466000,0
8,1.572559000,0
8,1.887071000,0
8,2.264486000,0
8,2.717383000,0
8,3.260860000,0
8,3.913032000,0
8,4.695638000,1
8,5.634766000,0
8,6.761720000,1
8,8.114064000,0
8,9.736877000,0
8,11.684250000,1
8,14.021100000,0
8,16.825330000,0
8,20.190390000,0
8,24.228470000,0
8,29.074170000,0
8,34.889000000,0
8,41.866810000,0
8,50.240170000,0
8,60.288200000,0
8,72.345850000,0
8,86.815020000,0
8,104.178000000,0
8,125.013600000,0
9,0.000100000,0
9,0.000120000,0
9,0.000144000,0
9,0.000172800,0
9,0.000207360,0
9,0.000248832,0
9,0.000298599,0
9,0.000358318,0
9,0.000429982,0
9,0.000515978,0
9,0.000619174,0
9,0.000743009,0
9,0.000891611,0
9,0.001069933,1
9,0.001283919,0
9,0.001540703,1
9,0.001848844,0
9,0.002218613,0
9,0.002662335,1
9,0.003194802,0
9,0.003833763,0
9,0.004600516,0
9,0.005520619,0
9,0.006624744,0
9,0.007949693,0
9,0.009539632,0
9,0.011447560,0
9,0.013737070,0
9,0.016484490,0
9,0.019781380,0
9,0.023737660,0
9,0.028485200,0
9,0.034182240,0
9,0.041018690,0
9,0.049222430,0
9,0.059066920,0
9,0.070880300,0
9,0.085056360,0
9,0.102067600,0
9,0.122481200,86
9,0.146977400,196
9,0.176372900,247
9,0.211647500,172
9,0.253977000,0
9,0.304772400,0
9,0.365726900,1
9,0.438872300,0
9,0.526646700,1
9,0.631976100,0
9,0.758371400,0
9,0.910045700,1
9,1.092055000,0
9,1.310466000,0
9,1.572559000,0
9,1.887071000,0
9,2.264486000,0
9,2.717383000,0
9,3.260860000,0
9,3.913032000,0
9,4.695638000,0
9,5.634766000,0
9,6.761720000,0
9,8.114064000,0
9,9.736877000,0
9,11.684250000,0
9,14.021100000,0
9,16.825330000,0
9,20.190390000,0
9,24.228470000,0
9,29.074170000,0
9,34.889000000,0
9,41.866810000,0
9,50.240170000,0
9,60.288200000,0
9,72.345850000,0
9,86.815020000,0
9,104.178000000,0
9,125.013600000,1
10,0.000100000,0
10,0.000120000,1
10,0.000144000,0
10,0.000172800,0
10,0.000207360,1
10,0.000248832,0
10,0.000298599,0
10,0.000358318,0
10,0.000429982,0
10,0.000515978,0
10,0.000619174,0
10,0.000743009,0
10,0.000891611,0
10,0.001069933,0
10,0.001283919,0
10,0.001540703,0
10,0.001848844,0
10,0.002218613,0
10,0.002662335,0
10,0.003194802,0
10,0.003833763,0
10,0.004600516,0
10,0.005520619,0
10,0.006624744,0
10,0.007949693,0
10,0.009539632,0
10,0.011447560,0
10,0.013737070,0
10,0.016484490,0
10,0.019781380,0
10,0.023737660,0
10,0.028485200,1
10,0.034182240,0
10,0.041018690,1
10,0.049222430,0
10,0.059066920,0
10,0.070880300,1
10,0.085056360,0
10,0.102067600,0
10,0.122481200,0
10,0.146977400,0
10,0.176372900,69
10,0.211647500,200
10,0.253977000,244
10,0.304772400,161
10,0.365726900,0
10,0.438872300,0
10,0.526646700,0
10,0.631976100,0
10,0.758371400,0
10,0.910045700,0
10,1.092055000,0
10,1.310466000,0
10,1.572559000,0
10,1.887071000,0
10,2.264486000,0
10,2.717383000,0
10,3.260860000,0
10,3.913032000,0
10,4.695638000,0
10,5.634766000,0
10,6.761720000,0
10,8.114064000,0
10,9.736877000,1
10,11.684250000,0
10,14.021100000,1
10,16.825330000,0
10,20.190390000,0
10,24.228470000,1
10,29.074170000,0
10,34.889000000,0
10,41.866810000,0
10,50.240170000,0
10,60.288200000,0
10,72.345850000,0
10,86.815020000,0
10,104.178000000,0
10,125.013600000,0
11,0.000100000,0
11,0.000120000,0
11,0.000144000,0
11,0.000172800,0
11,0.000207360,0
11,0.000248832,0
11,0.000298599,0
11,0.000358318,0
11,0.000429982,0
11,0.000515978,0
11,0.000619174,0
11,0.000743009,0
11,0.000891611,0
11,0.001069933,0
11,0.001283919,0
11,0.001540703,0
11,0.001848844,0
11,0.002218613,1
11,0.002662335,0
11,0.003194802,1
11,0.003833763,0
11,0.004600516,0
11,0.005520619,1
11,0.006624744,0
11,0.007949693,0
11,0.009539632,0
11,0.011447560,0
11,0.013737070,0
11,0.016484490,0
11,0.019781380,0
11,0.023737660,0
11,0.028485200,0
11,0.034182240,0
11,0.041018690,0
11,0.049222430,0
11,0.059066920,0
11,0.070880300,0
11,0.085056360,0
11,0.102067600,0
11,0.122481200,0
11,0.146977400,0
11,0.176372900,0
11,0.211647500,0
11,0.253977000,84
11,0.304772400,209
11,0.365726900,231
11,0.438872300,134
11,0.526646700,0
11,0.631976100,0
11,0.758371400,1
11,0.910045700,0
11,1.092055000,1
11,1.310466000,0
11,1.572559000,0
11,1.887071000,1
11,2.264486000,0
11,2.717383000,0
11,3.260860000,0
11,3.913032000,0
11,4.695638000,0
11,5.634766000,0
11,6.761720000,0
11,8.114064000,0
11,9.736877000,0
11,11.684250000,0
11,14.021100000,0
11,16.825330000,0
11,20.190390000,0
11,24.228470000,0
11,29.074170000,0
11,34.889000000,0
11,41.866810000,0
11,50.240170000,0
11,60.288200000,0
11,72.345850000,0
11,86.815020000,0
11,104.178000000,0
11,125.013600000,0
12,0.000100000,0
12,0.000120000,0
12,0.000144000,0
12,0.000172800,1
12,0.000207360,0
12,0.000248832,1
12,0.000298599,0
12,0.000358318,0
12,0.000429982,1
12,0.000515978,0
12,0.000619174,0
12,0.000743009,0
12,0.000891611,0
12,0.001069933,0
12,0.001283919,0
12,0.001540703,0
12,0.001848844,0
12,0.002218613,0
12,0.002662335,0
12,0.003194802,0
12,0.003833763,0
12,0.004600516,0
12,0.005520619,0
12,0.006624744,0
12,0.007949693,0
12,0.009539632,0
12,0.011447560,0
12,0.013737070,0
12,0.016484490,0
12,0.019781380,0
12,0.023737660,0
12,0.028485200,0
12,0.034182240,0
12,0.041018690,0
12,0.049222430,0
12,0.059066920,1
12,0.070880300,0
12,0.085056360,1
12,0.102067600,0
12,0.122481200,0
12,0.146977400,1
12,0.176372900,0
12,0.211647500,0
12,0.253977000,0
12,0.304772400,0
12,0.365726900,123
12,0.438872300,224
12,0.526646700,218
12,0.631976100,106
12,0.758371400,0
12,0.910045700,0
12,1.092055000,0
12,1.310466000,0
12,1.572559000,0
12,1.887071000,0
12,2.264486000,0
12,2.717383000,0
12,3.260860000,0
12,3.913032000,0
12,4.695638000,0
12,5.634766000,0
12,6.761720000,0
12,8.114064000,0
12,9.736877000,0
12,11.684250000,0
12,14.021100000,0
12,16.825330000,0
12,20.190390000,1
12,24.228470000,0
12,29.074170000,1
12,34.889000000,0
12,41.866810000,0
12,50.240170000,1
12,60.288200000,0
12,72.345850000,0
12,86.815020000,0
12,104.178000000,0
12,125.013600000,0
13,0.000100000,0
13,0.000120000,0
13,0.000144000,0
13,0.000172800,0
13,0.000207360,0
13,0.000248832,0
13,0.000298599,0
13,0.000358318,0
13,0.000429982,0
13,0.000515978,0
13,0.000619174,0
13,0.000743009,0
13,0.000891611,0
13,0.001069933,0
13,0.001283919,0
13,0.001540703,0
13,0.001848844,0
13,0.002218613,0
13,0.002662335,0
13,0.003194802,0
13,0.003833763,0
13,0.004600516,1
13,0.005520619,0
13,0.006624744,1
13,0.007949693,0
13,0.009539632,0
13,0.011447560,1
13,0.013737070,0
13,0.016484490,0
13,0.019781380,0
13,0.023737660,0
13,0.028485200,0
13,0.034182240,0
13,0.041018690,0
13,0.049222430,0
13,0.059066920,0
13,0.070880300,0
13,0.085056360,0
13,0.102067600,0
13,0.122481200,0
13,0.146977400,0
13,0.176372900,0
13,0.211647500,0
13,0.253977000,0
13,0.304772400,0
13,0.365726900,0
13,0.438872300,0
13,0.526646700,147
13,0.631976100,237
13,0.758371400,195
13,0.910045700,0
13,1.092055000,0
13,1.310466000,0
13,1.572559000,1
13,1.887071000,0
13,2.264486000,1
13,2.717383000,0
13,3.260860000,0
13,3.913032000,1
13,4.695638000,0
13,5.634766000,0
13,6.761720000,0
13,8.114064000,0
13,9.736877000,0
13,11.684250000,0
13,14.021100000,0
13,16.825330000,0
13,20.190390000,0
13,24.228470000,0
13,29.074170000,0
13,34.889000000,0
13,41.866810000,0
13,50.240170000,0
13,60.288200000,0
13,72.345850000,0
13,86.815020000,0
13,104.178000000,0
13,125.013600000,0
14,0.000100000,0
14,0.000120000,0
14,0.000144000,0
14,0.000172800,0
14,0.000207360,0
14,0.000248832,0
14,0.000298599,0
14,0.000358318,1
14,0.000429982,0
14,0.000515978,1
14,0.000619174,0
14,0.000743009,0
14,0.000891611,1
14,0.001069933,0
14,0.001283919,0
14,0.001540703,0
14,0.001848844,0
14,0.002218613,0
14,0.002662335,0
14,0.003194802,0
14,0.003833763,0
14,0.004600516,0
14,0.005520619,0
14,0.006624744,0
14,0.007949693,0
14,0.009539632,0
14,0.011447560,0
14,0.013737070,0
14,0.016484490,0
14,0.019781380,0
14,0.023737660,0
14,0.028485200,0
14,0.034182240,0
14,0.041018690,0
14,0.049222430,0
14,0.059066920,0
14,0.070880300,0
14,0.085056360,0
14,0.102067600,0
14,0.122481200,1
14,0.146977400,0
14,0.176372900,1
14,0.211647500,0
14,0.253977000,0
14,0.304772400,1
14,0.365726900,0
14,0.438872300,0
14,0.526646700,0
14,0.631976100,0
14,0.758371400,177
14,0.910045700,251
14,1.092055000,165
14,1.310466000,0
14,1.572559000,0
14,1.887071000,0
14,2.264486000,0
14,2.717383000,0
14,3.260860000,0
14,3.913032000,0
14,4.695638000,0
14,5.634766000,0
14,6.761720000,0
14,8.114064000,0
14,9.736877000,0
14,11.684250000,0
14,14.021100000,0
14,16.825330000,0
14,20.190390000,0
14,24.228470000,0
14,29.074170000,0
14,34.889000000,0
14,41.866810000,1
14,50.240170000,0
14,60.288200000,1
14,72.345850000,0
14,86.815020000,0
14,104.178000000,1
14,125.013600000,0
15,0.000100000,0
15,0.000120000,0
15,0.000144000,0
15,0.000172800,0
15,0.000207360,0
15,0.000248832,0
15,0.000298599,0
15,0.000358318,0
15,0.000429982,0
15,0.000515978,0
15,0.000619174,0
15,0.000743009,0
15,0.000891611,0
15,0.001069933,0
15,0.001283919,0
15,0.001540703,0
15,0.001848844,0
15,0.002218613,0
15,0.002662335,0
15,0.003194802,0
15,0.003833763,0
15,0.004600516,0
15,0.005520619,0
15,0.006624744,0
15,0.007949693,0
15,0.009539632,1
15,0.011447560,0
15,0.013737070,1
15,0.016484490,0
15,0.019781380,0
15,0.023737660,1
15,0.028485200,0
15,0.034182240,0
15,0.041018690,0
15,0.049222430,0
15,0.059066920,0
15,0.070880300,0
15,0.085056360,0
15,0.102067600,0
15,0.122481200,0
15,0.146977400,0
15,0.176372900,0
15,0.211647500,0
15,0.253977000,0
15,0.304772400,0
15,0.365726900,0
15,0.438872300,0
15,0.526646700,0
15,0.631976100,0
15,0.758371400,0
15,0.910045700,40
15,1.092055000,205
15,1.310466000,233
15,1.572559000,130
15,1.887071000,0
15,2.264486000,0
15,2.717383000,0
15,3.260860000,1
15,3.913032000,0
15,4.695638000,1
15,5.634766000,0
15,6.761720000,0
15,8.114064000,1
15,9.736877000,0
15,11.684250000,0
15,14.021100000,0
15,16.825330000,0
15,20.190390000,0
15,24.228470000,0
15,29.074170000,0
15,34.889000000,0
15,41.866810000,0
15,50.240170000,0
15,60.288200000,0
15,72.345850000,0
15,86.815020000,0
15,104.178000000,0
15,125.013600000,0
16,0.000100000,0
16,0.000120000,0
16,0.000144000,0
16,0.000172800,0
16,0.000207360,0
16,0.000248832,0
16,0.000298599,0
16,0.000358318,0
16,0.000429982,0
16,0.000515978,0
16,0.000619174,0
16,0.000743009,1
16,0.000891611,0
16,0.001069933,1
16,0.001283919,0
16,0.001540703,0
16,0.001848844,1
16,0.002218613,0
16,0.002662335,0
16,0.003194802,0
16,0.003833763,0
16,0.004600516,0
16,0.005520619,0
16,0.006624744,0
16,0.007949693,0
16,0.009539632,0
16,0.011447560,0
16,0.013737070,0
16,0.016484490,0
16,0.019781380,0
16,0.023737660,0
16,0.028485200,0
16,0.034182240,0
16,0.041018690,0
16,0.049222430,0
16,0.059066920,0
16,0.070880300,0
16,0.085056360,0
16,0.102067600,0
16,0.122481200,0
16,0.146977400,0
16,0.176372900,0
16,0.211647500,0
16,0.253977000,1
16,0.304772400,0
16,0.365726900,1
16,0.438872300,0
16,0.526646700,0
16,0.631976100,1
16,0.758371400,0
16,0.910045700,0
16,1.092055000,1
16,1.310466000,116
16,1.572559000,227
16,1.887071000,205
16,2.264486000,71
16,2.717383000,0
16,3.260860000,0
16,3.913032000,0
16,4.695638000,0
16,5.634766000,0
16,6.761720000,0
16,8.114064000,0
16,9.736877000,0
16,11.684250000,0
16,14.021100000,0
16,16.825330000,0
16,20.190390000,0
16,24.228470000,0
16,29.074170000,0
16,34.889000000,0
16,41.866810000,0
16,50.240170000,0
16,60.288200000,0
16,72.345850000,0
16,86.815020000,1
16,104.178000000,0
16,125.013600000,1
17,0.000100000,0
17,0.000120000,0
17,0.000144000,1
17,0.000172800,0
17,0.000207360,0
17,0.000248832,0
17,0.000298599,0
17,0.000358318,0
17,0.000429982,0
17,0.000515978,0
17,0.000619174,0
17,0.000743009,0
17,0.000891611,0
17,0.001069933,0
17,0.001283919,0
17,0.001540703,0
17,0.001848844,0
17,0.002218613,0
17,0.002662335,0
17,0.003194802,0
17,0.003833763,0
17,0.004600516,0
17,0.005520619,0
17,0.006624744,0
17,0.007949693,0
17,0.009539632,0
17,0.011447560,0
17,0.013737070,0
17,0.016484490,0
17,0.019781380,1
17,0.023737660,0
17,0.028485200,1
17,0.034182240,0
17,0.041018690,0
17,0.049222430,1
17,0.059066920,0
17,0.070880300,0
17,0.085056360,0
17,0.102067600,0
17,0.122481200,0
17,0.146977400,0
17,0.176372900,0
17,0.211647500,0
17,0.253977000,0
17,0.304772400,0
17,0.365726900,0
17,0.438872300,0
17,0.526646700,0
17,0.631976100,0
17,0.758371400,0
17,0.910045700,0
17,1.092055000,0
17,1.310466000,0
17,1.572559000,0
17,1.887071000,166
17,2.264486000,247
17,2.717383000,177
17,3.260860000,0
17,3.913032000,0
17,4.695638000,0
17,5.634766000,0
17,6.761720000,1
17,8.114064000,0
17,9.736877000,1
17,11.684250000,0
17,14.021100000,0
17,16.825330000,1
17,20.190390000,0
17,24.228470000,0
17,29.074170000,0
17,34.889000000,0
17,41.866810000,0
17,50.240170000,0
17,60.288200000,0
17,72.345850000,0
17,86.815020000,0
17,104.178000000,0
17,125.013600000,0
18,0.000100000,0
18,0.000120000,0
18,0.000144000,0
18,0.000172800,0
18,0.000207360,0
18,0.000248832,0
18,0.000298599,0
18,0.000358318,0
18,0.000429982,0
18,0.000515978,0
18,0.000619174,0
18,0.000743009,0
18,0.000891611,0
18,0.001069933,0
18,0.001283919,0
18,0.001540703,1
18,0.001848844,0
18,0.002218613,1
18,0.002662335,0
18,0.003194802,0
18,0.003833763,1
18,0.004600516,0
18,0.005520619,0
18,0.006624744,0
18,0.007949693,0
18,0.009539632,0
18,0.011447560,0
18,0.013737070,0
18,0.016484490,0
18,0.019781380,0
18,0.023737660,0
18,0.028485200,0
18,0.034182240,0
18,0.041018690,0
18,0.049222430,0
18,0.059066920,0
18,0.070880300,0
18,0.085056360,0
18,0.102067600,0
18,0.122481200,0
18,0.146977400,0
18,0.176372900,0
18,0.211647500,0
18,0.253977000,0
18,0.304772400,0
18,0.365726900,0
18,0.438872300,0
18,0.526646700,1
18,0.631976100,0
18,0.758371400,1
18,0.910045700,0
18,1.092055000,0
18,1.310466000,1
18,1.572559000,0
18,1.887071000,0
18,2.264486000,3
18,2.717383000,195
18,3.260860000,239
18,3.913032000,141
18,4.695638000,0
18,5.634766000,0
18,6.761720000,0
18,8.114064000,0
18,9.736877000,0
18,11.684250000,0
18,14.021100000,0
18,16.825330000,0
18,20.190390000,0
18,24.228470000,0
18,29.074170000,0
18,34.889000000,0
18,41.866810000,0
18,50.240170000,0
18,60.288200000,0
18,72.345850000,0
18,86.815020000,0
18,104.178000000,0
18,125.013600000,0
19,0.000100000,0
19,0.000120000,1
19,0.000144000,0
19,0.000172800,1
19,0.000207360,0
19,0.000248832,0
19,0.000298599,1
19,0.000358318,0
19,0.000429982,0
19,0.000515978,0
19,0.000619174,0
19,0.000743009,0
19,0.000891611,0
19,0.001069933,0
19,0.001283919,0
19,0.001540703,0
19,0.001848844,0
19,0.002218613,0
19,0.002662335,0
19,0.003194802,0
19,0.003833763,0
19,0.004600516,0
19,0.005520619,0
19,0.006624744,0
19,0.007949693,0
19,0.009539632,0
19,0.011447560,0
19,0.013737070,0
19,0.016484490,0
19,0.019781380,0
19,0.023737660,0
19,0.028485200,0
19,0.034182240,0
19,0.041018690,1
19,0.049222430,0
19,0.059066920,1
19,0.070880300,0
19,0.085056360,0
19,0.102067600,1
19,0.122481200,0
19,0.146977400,0
19,0.176372900,0
19,0.211647500,0
19,0.253977000,0
19,0.304772400,0
19,0.365726900,0
19,0.438872300,0
19,0.526646700,0
19,0.631976100,0
19,0.758371400,0
19,0.910045700,0
19,1.092055000,0
19,1.310466000,0
19,1.572559000,0
19,1.887071000,0
19,2.264486000,0
19,2.717383000,0
19,3.260860000,102
19,3.913032000,221
19,4.695638000,216
19,5.634766000,84
19,6.761720000,0
19,8.114064000,0
19,9.736877000,0
19,11.684250000,0
19,14.021100000,1
19,16.825330000,0
19,20.190390000,1
19,24.228470000,0
19,29.074170000,0
19,34.889000000,1
19,41.866810000,0
19,50.240170000,0
19,60.288200000,0
19,72.345850000,0
19,86.815020000,0
19,104.178000000,0
19,125.013600000,0
20,0.000100000,0
20,0.000120000,0
20,0.000144000,0
20,0.000172800,0
20,0.000207360,0
20,0.000248832,0
20,0.000298599,0
20,0.000358318,0
20,0.000429982,0
20,0.000515978,0
20,0.000619174,0
20,0.000743009,0
20,0.000891611,0
20,0.001069933,0
20,0.001283919,0
20,0.001540703,0
20,0.001848844,0
20,0.002218613,0
20,0.002662335,0
20,0.003194802,1
20,0.003833763,0
20,0.004600516,1
20,0.005520619,0
20,0.006624744,0
20,0.007949693,1
20,0.009539632,0
20,0.011447560,0
20,0.013737070,0
20,0.016484490,0
20,0.019781380,0
20,0.023737660,0
20,0.028485200,0
20,0.034182240,0
20,0.041018690,0
20,0.049222430,0
20,0.059066920,0
20,0.070880300,0
20,0.085056360,0
20,0.102067600,0
20,0.122481200,0
20,0.146977400,0
20,0.176372900,0
20,0.211647500,0
20,0.253977000,0
20,0.304772400,0
20,0.365726900,0
20,0.438872300,0
20,0.526646700,0
20,0.631976100,0
20,0.758371400,0
20,0.910045700,0
20,1.092055000,1
20,1.310466000,0
20,1.572559000,1
20,1.887071000,0
20,2.264486000,0
20,2.717383000,1
20,3.260860000,0
20,3.913032000,4
20,4.695638000,149
20,5.634766000,243
20,6.761720000,184
20,8.114064000,0
20,9.736877000,0
20,11.684250000,0
20,14.021100000,0
20,16.825330000,0
20,20.190390000,0
20,24.228470000,0
20,29.074170000,0
20,34.889000000,0
20,41.866810000,0
20,50.240170000,0
20,60.288200000,0
20,72.345850000,0
20,86.815020000,0
20,104.178000000,0
20,125.013600000,0
21,0.000100000,0
21,0.000120000,0
21,0.000144000,0
21,0.000172800,0
21,0.000207360,0
21,0.000248832,1
21,0.000298599,0
21,0.000358318,1
21,0.000429982,0
21,0.000515978,0
21,0.000619174,1
21,0.000743009,0
21,0.000891611,0
21,0.001069933,0
21,0.001283919,0
21,0.001540703,0
21,0.001848844,0
21,0.002218613,0
21,0.002662335,0
21,0.003194802,0
21,0.003833763,0
21,0.004600516,0
21,0.005520619,0
21,0.006624744,0
21,0.007949693,0
21,0.009539632,0
21,0.011447560,0
21,0.013737070,0
21,0.016484490,0
21,0.019781380,0
21,0.023737660,0
21,0.028485200,0
21,0.034182240,0
21,0.041018690,0
21,0.049222430,0
21,0.059066920,0
21,0.070880300,0
21,0.085056360,1
21,0.102067600,0
21,0.122481200,1
21,0.146977400,0
21,0.176372900,0
21,0.211647500,1
21,0.253977000,0
21,0.304772400,0
21,0.365726900,0
21,0.438872300,0
21,0.526646700,0
21,0.631976100,0
21,0.758371400,0
21,0.910045700,0
21,1.092055000,0
21,1.310466000,0
21,1.572559000,0
21,1.887071000,0
21,2.264486000,0
21,2.717383000,0
21,3.260860000,0
21,3.913032000,0
21,4.695638000,1
21,5.634766000,4
21,6.761720000,190
21,8.114064000,243
21,9.736877000,146
21,11.684250000,0
21,14.021100000,0
21,16.825330000,0
21,20.190390000,0
21,24.228470000,0
21,29.074170000,1
21,34.889000000,0
21,41.866810000,1
21,50.240170000,0
21,60.288200000,0
21,72.345850000,1
21,86.815020000,0
21,104.178000000,0
21,125.013600000,0
22,0.000100000,0
22,0.000120000,0
22,0.000144000,0
22,0.000172800,0
22,0.000207360,0
22,0.000248832,0
22,0.000298599,0
22,0.000358318,0
22,0.000429982,0
22,0.000515978,0
22,0.000619174,0
22,0.000743009,0
22,0.000891611,0
22,0.001069933,0
22,0.001283919,0
22,0.001540703,0
22,0.001848844,0
22,0.002218613,0
22,0.002662335,0
22,0.003194802,0
22,0.003833763,0
22,0.004600516,0
22,0.005520619,0
22,0.006624744,1
22,0.007949693,0
22,0.009539632,1
22,0.011447560,0
22,0.013737070,0
22,0.016484490,1
22,0.019781380,0
22,0.023737660,0
22,0.028485200,0
22,0.034182240,0
22,0.041018690,0
22,0.049222430,0
22,0.059066920,0
22,0.070880300,0
22,0.085056360,0
22,0.102067600,0
22,0.122481200,0
22,0.146977400,0
22,0.176372900,0
22,0.211647500,0
22,0.253977000,0
22,0.304772400,0
22,0.365726900,0
22,0.438872300,0
22,0.526646700,0
22,0.631976100,0
22,0.758371400,0
22,0.910045700,0
22,1.092055000,0
22,1.310466000,0
22,1.572559000,0
22,1.887071000,0
22,2.264486000,1
22,2.717383000,0
22,3.260860000,1
22,3.913032000,0
22,4.695638000,0
22,5.634766000,1
22,6.761720000,1
22,8.114064000,86
22,9.736877000,218
22,11.684250000,214
22,14.021100000,89
22,16.825330000,3
22,20.190390000,0
22,24.228470000,0
22,29.074170000,0
22,34.889000000,0
22,41.866810000,0
22,50.240170000,0
22,60.288200000,0
22,72.345850000,0
22,86.815020000,0
22,104.178000000,0
22,125.013600000,0
23,0.000100000,0
23,0.000120000,0
23,0.000144000,0
23,0.000172800,0
23,0.000207360,0
23,0.000248832,0
23,0.000298599,0
23,0.000358318,0
23,0.000429982,0
23,0.000515978,1
23,0.000619174,0
23,0.000743009,1
23,0.000891611,0
23,0.001069933,0
23,0.001283919,1
23,0.001540703,0
23,0.001848844,0
23,0.002218613,0
23,0.002662335,0
23,0.003194802,0
23,0.003833763,0
23,0.004600516,0
23,0.005520619,0
23,0.006624744,0
23,0.007949693,0
23,0.009539632,0
23,0.011447560,0
23,0.013737070,0
23,0.016484490,0
23,0.019781380,0
23,0.023737660,0
23,0.028485200,0
23,0.034182240,0
23,0.041018690,0
23,0.049222430,0
23,0.059066920,0
23,0.070880300,0
23,0.085056360,0
23,0.102067600,0
23,0.122481200,0
23,0.146977400,0
23,0.176372900,1
23,0.211647500,0
23,0.253977000,1
23,0.304772400,0
23,0.365726900,0
23,0.438872300,1
23,0.526646700,0
23,0.631976100,0
23,0.758371400,0
23,0.910045700,0
23,1.092055000,0
23,1.310466000,0
23,1.572559000,0
23,1.887071000,0
23,2.264486000,0
23,2.717383000,0
23,3.260860000,0
23,3.913032000,0
23,4.695638000,0
23,5.634766000,0
23,6.761720000,0
23,8.114064000,0
23,9.736877000,0
23,11.684250000,151
23,14.021100000,242
23,16.825330000,188
23,20.190390000,10
23,24.228470000,0
23,29.074170000,0
23,34.889000000,0
23,41.866810000,0
23,50.240170000,0
23,60.288200000,1
23,72.345850000,0
23,86.815020000,1
23,104.178000000,0
23,125.013600000,0
24,0.000100000,1
24,0.000120000,0
24,0.000144000,0
24,0.000172800,0
24,0.000207360,0
24,0.000248832,0
24,0.000298599,0
24,0.000358318,0
24,0.000429982,0
24,0.000515978,0
24,0.000619174,0
24,0.000743009,0
24,0.000891611,0
24,0.001069933,0
24,0.001283919,0
24,0.001540703,0
24,0.001848844,0
24,0.002218613,0
24,0.002662335,0
24,0.003194802,0
24,0.003833763,0
24,0.004600516,0
24,0.005520619,0
24,0.006624744,0
24,0.007949693,0
24,0.009539632,0
24,0.011447560,0
24,0.013737070,1
24,0.016484490,0
24,0.019781380,1
24,0.023737660,0
24,0.028485200,0
24,0.034182240,1
24,0.041018690,0
24,0.049222430,0
24,0.059066920,0
24,0.070880300,0
24,0.085056360,0
24,0.102067600,0
24,0.122481200,0
24,0.146977400,0
24,0.176372900,0
24,0.211647500,0
24,0.253977000,0
24,0.304772400,0
24,0.365726900,0
24,0.438872300,0
24,0.526646700,0
24,0.631976100,0
24,0.758371400,0
24,0.910045700,0
24,1.092055000,0
24,1.310466000,0
24,1.572559000,0
24,1.887071000,0
24,2.264486000,0
24,2.717383000,0
24,3.260860000,0
24,3.913032000,0
24,4.695638000,1
24,5.634766000,0
24,6.761720000,1
24,8.114064000,0
24,9.736877000,0
24,11.684250000,1
24,14.021100000,0
24,16.825330000,184
24,20.190390000,244
24,24.228470000,148
24,29.074170000,1
24,34.889000000,0
24,41.866810000,0
24,50.240170000,0
24,60.288200000,0
24,72.345850000,0
24,86.815020000,0
24,104.178000000,0
24,125.013600000,0
25,0.000100000,0
25,0.000120000,0
25,0.000144000,0
25,0.000172800,0
25,0.000207360,0
25,0.000248832,0
25,0.000298599,0
25,0.000358318,0
25,0.000429982,0
25,0.000515978,0
25,0.000619174,0
25,0.000743009,0
25,0.000891611,0
25,0.001069933,1
25,0.001283919,0
25,0.001540703,1
25,0.001848844,0
25,0.002218613,0
25,0.002662335,1
25,0.003194802,0
25,0.003833763,0
25,0.004600516,0
25,0.005520619,0
25,0.006624744,0
25,0.007949693,0
25,0.009539632,0
25,0.011447560,0
25,0.013737070,0
25,0.016484490,0
25,0.019781380,0
25,0.023737660,0
25,0.028485200,0
25,0.034182240,0
25,0.041018690,0
25,0.049222430,0
25,0.059066920,0
25,0.070880300,0
25,0.085056360,0
25,0.102067600,0
25,0.122481200,0
25,0.146977400,0
25,0.176372900,0
25,0.211647500,0
25,0.253977000,0
25,0.304772400,0
25,0.365726900,1
25,0.438872300,0
25,0.526646700,1
25,0.631976100,0
25,0.758371400,0
25,0.910045700,1
25,1.092055000,0
25,1.310466000,0
25,1.572559000,0
25,1.887071000,0
25,2.264486000,0
25,2.717383000,0
25,3.260860000,0
25,3.913032000,0
25,4.695638000,0
25,5.634766000,0
25,6.761720000,0
25,8.114064000,0
25,9.736877000,0
25,11.684250000,0
25,14.021100000,0
25,16.825330000,1
25,20.190390000,81
25,24.228470000,216
25,29.074170000,216
25,34.889000000,104
25,41.866810000,3
25,50.240170000,0
25,60.288200000,0
25,72.345850000,0
25,86.815020000,0
25,104.178000000,0
25,125.013600000,1
26,0.000100000,0
26,0.000120000,1
26,0.000144000,0
26,0.000172800,0
26,0.000207360,1
26,0.000248832,0
26,0.000298599,0
26,0.000358318,0
26,0.000429982,0
26,0.000515978,0
26,0.000619174,0
26,0.000743009,0
26,0.000891611,0
26,0.001069933,0
26,0.001283919,0
26,0.001540703,0
26,0.001848844,0
26,0.002218613,0
26,0.002662335,0
26,0.003194802,0
26,0.003833763,0
26,0.004600516,0
26,0.005520619,0
26,0.006624744,0
26,0.007949693,0
26,0.009539632,0
26,0.011447560,0
26,0.013737070,0
26,0.016484490,0
26,0.019781380,0
26,0.023737660,0
26,0.028485200,1
26,0.034182240,0
26,0.041018690,1
26,0.049222430,0
26,0.059066920,0
26,0.070880300,1
26,0.085056360,0
26,0.102067600,0
26,0.122481200,0
26,0.146977400,0
26,0.176372900,0
26,0.211647500,0
26,0.253977000,0
26,0.304772400,0
26,0.365726900,0
26,0.438872300,0
26,0.526646700,0
26,0.631976100,0
26,0.758371400,0
26,0.910045700,0
26,1.092055000,0
26,1.310466000,0
26,1.572559000,0
26,1.887071000,0
26,2.264486000,0
26,2.717383000,0
26,3.260860000,0
26,3.913032000,0
26,4.695638000,0
26,5.634766000,0
26,6.761720000,0
26,8.114064000,0
26,9.736877000,1
26,11.684250000,0
26,14.021100000,1
26,16.825330000,0
26,20.190390000,1
26,24.228470000,6
26,29.074170000,148
26,34.889000000,236
26,41.866810000,188
26,50.240170000,9
26,60.288200000,2
26,72.345850000,0
26,86.815020000,0
26,104.178000000,0
26,125.013600000,0
27,0.000100000,0
27,0.000120000,0
27,0.000144000,0
27,0.000172800,0
27,0.000207360,0
27,0.000248832,0
27,0.000298599,0
27,0.000358318,0
27,0.000429982,0
27,0.000515978,0
27,0.000619174,0
27,0.000743009,0
27,0.000891611,0
27,0.001069933,0
27,0.001283919,0
27,0.001540703,0
27,0.001848844,0
27,0.002218613,1
27,0.002662335,0
27,0.003194802,1
27,0.003833763,0
27,0.004600516,0
27,0.005520619,1
27,0.006624744,0
27,0.007949693,0
27,0.009539632,0
27,0.011447560,0
27,0.013737070,0
27,0.016484490,0
27,0.019781380,0
27,0.023737660,0
27,0.028485200,0
27,0.034182240,0
27,0.041018690,0
27,0.049222430,0
27,0.059066920,0
27,0.070880300,0
27,0.085056360,0
27,0.102067600,0
27,0.122481200,0
27,0.146977400,0
27,0.176372900,0
27,0.211647500,0
27,0.253977000,0
27,0.304772400,0
27,0.365726900,0
27,0.438872300,0
27,0.526646700,0
27,0.631976100,0
27,0.758371400,1
27,0.910045700,0
27,1.092055000,1
27,1.310466000,0
27,1.572559000,0
27,1.887071000,1
27,2.264486000,0
27,2.717383000,0
27,3.260860000,0
27,3.913032000,0
27,4.695638000,0
27,5.634766000,0
27,6.761720000,0
27,8.114064000,0
27,9.736877000,0
27,11.684250000,0
27,14.021100000,0
27,16.825330000,0
27,20.190390000,0
27,24.228470000,0
27,29.074170000,3
27,34.889000000,17
27,41.866810000,184
27,50.240170000,242
27,60.288200000,151
27,72.345850000,2
27,86.815020000,2
27,104.178000000,0
27,125.013600000,0
28,0.000100000,0
28,0.000120000,0
28,0.000144000,0
28,0.000172800,1
28,0.000207360,0
28,0.000248832,1
28,0.000298599,0
28,0.000358318,0
28,0.000429982,1
28,0.000515978,0
28,0.000619174,0
28,0.000743009,0
28,0.000891611,0
28,0.001069933,0
28,0.001283919,0
28,0.001540703,0
28,0.001848844,0
28,0.002218613,0
28,0.002662335,0
28,0.003194802,0
28,0.003833763,0
28,0.004600516,0
28,0.005520619,0
28,0.006624744,0
28,0.007949693,0
28,0.009539632,0
28,0.011447560,0
28,0.013737070,0
28,0.016484490,0
28,0.019781380,0
28,0.023737660,0
28,0.028485200,0
28,0.034182240,0
28,0.041018690,0
28,0.049222430,0
28,0.059066920,1
28,0.070880300,0
28,0.085056360,1
28,0.102067600,0
28,0.122481200,0
28,0.146977400,1
28,0.176372900,0
28,0.211647500,0
28,0.253977000,0
28,0.304772400,0
28,0.365726900,0
28,0.438872300,0
28,0.526646700,0
28,0.631976100,0
28,0.758371400,0
28,0.910045700,0
28,1.092055000,0
28,1.310466000,0
28,1.572559000,0
28,1.887071000,0
28,2.264486000,0
28,2.717383000,0
28,3.260860000,0
28,3.913032000,0
28,4.695638000,0
28,5.634766000,0
28,6.761720000,0
28,8.114064000,0
28,9.736877000,0
28,11.684250000,0
28,14.021100000,0
28,16.825330000,0
28,20.190390000,1
28,24.228470000,0
28,29.074170000,1
28,34.889000000,0
28,41.866810000,2
28,50.240170000,90
28,60.288200000,214
28,72.345850000,218
28,86.815020000,84
28,104.178000000,5
28,125.013600000,0
29,0.000100000,0
29,0.000120000,0
29,0.000144000,0
29,0.000172800,0
29,0.000207360,0
29,0.000248832,0
29,0.000298599,0
29,0.000358318,0
29,0.000429982,0
29,0.000515978,0
29,0.000619174,0
29,0.000743009,0
29,0.000891611,0
29,0.001069933,0
29,0.001283919,0
29,0.001540703,0
29,0.001848844,0
29,0.002218613,0
29,0.002662335,0
29,0.003194802,0
29,0.003833763,0
29,0.004600516,1
29,0.005520619,0
29,0.006624744,1
29,0.007949693,0
29,0.009539632,0
29,0.011447560,1
29,0.013737070,0
29,0.016484490,0
29,0.019781380,0
29,0.023737660,0
29,0.028485200,0
29,0.034182240,0
29,0.041018690,0
29,0.049222430,0
29,0.059066920,0
29,0.070880300,0
29,0.085056360,0
29,0.102067600,0
29,0.122481200,0
29,0.146977400,0
29,0.176372900,0
29,0.211647500,0
29,0.253977000,0
29,0.304772400,0
29,0.365726900,0
29,0.438872300,0
29,0.526646700,0
29,0.631976100,0
29,0.758371400,0
29,0.910045700,0
29,1.092055000,0
29,1.310466000,0
29,1.572559000,1
29,1.887071000,0
29,2.264486000,1
29,2.717383000,0
29,3.260860000,0
29,3.913032000,1
29,4.695638000,0
29,5.634766000,0
29,6.761720000,0
29,8.114064000,0
29,9.736877000,0
29,11.684250000,0
29,14.021100000,0
29,16.825330000,0
29,20.190390000,0
29,24.228470000,0
29,29.074170000,0
29,34.889000000,0
29,41.866810000,0
29,50.240170000,1
29,60.288200000,12
29,72.345850000,145
29,86.815020000,242
29,104.178000000,186
29,125.013600000,3
30,0.000100000,0
30,0.000120000,0
30,0.000144000,0
30,0.000172800,0
30,0.000207360,0
30,0.000248832,0
30,0.000298599,0
30,0.000358318,1
30,0.000429982,0
30,0.000515978,1
30,0.000619174,0
30,0.000743009,0
30,0.000891611,1
30,0.001069933,0
30,0.001283919,0
30,0.001540703,0
30,0.001848844,0
30,0.002218613,0
30,0.002662335,0
30,0.003194802,0
30,0.003833763,0
30,0.004600516,0
30,0.005520619,0
30,0.006624744,0
30,0.007949693,0
30,0.009539632,0
30,0.011447560,0
30,0.013737070,0
30,0.016484490,0
30,0.019781380,0
30,0.023737660,0
30,0.028485200,0
30,0.034182240,0
30,0.041018690,0
30,0.049222430,0
30,0.059066920,0
30,0.070880300,0
30,0.085056360,0
30,0.102067600,0
30,0.122481200,1
30,0.146977400,0
30,0.176372900,1
30,0.211647500,0
30,0.253977000,0
30,0.304772400,1
30,0.365726900,0
30,0.438872300,0
30,0.526646700,0
30,0.631976100,0
30,0.758371400,0
30,0.910045700,0
30,1.092055000,0
30,1.310466000,0
30,1.572559000,0
30,1.887071000,0
30,2.264486000,0
30,2.717383000,0
30,3.260860000,0
30,3.913032000,0
30,4.695638000,0
30,5.634766000,0
30,6.761720000,0
30,8.114064000,0
30,9.736877000,0
30,11.684250000,0
30,14.021100000,0
30,16.825330000,0
30,20.190390000,0
30,24.228470000,0
30,29.074170000,0
30,34.889000000,0
30,41.866810000,1
30,50.240170000,0
30,60.288200000,1
30,72.345850000,3
30,86.815020000,17
30,104.178000000,187
30,125.013600000,242
31,0.000100000,0
31,0.000120000,0
31,0.000144000,0
31,0.000172800,0
31,0.000207360,0
31,0.000248832,0
31,0.000298599,0
31,0.000358318,0
31,0.000429982,0
31,0.000515978,0
31,0.000619174,0
31,0.000743009,0
31,0.000891611,0
31,0.001069933,0
31,0.001283919,0
31,0.001540703,0
31,0.001848844,0
31,0.002218613,0
31,0.002662335,0
31,0.003194802,0
31,0.003833763,0
31,0.004600516,0
31,0.005520619,0
31,0.006624744,0
31,0.007949693,0
31,0.009539632,1
31,0.011447560,0
31,0.013737070,1
31,0.016484490,0
31,0.019781380,0
31,0.023737660,1
31,0.028485200,0
31,0.034182240,0
31,0.041018690,0
31,0.049222430,0
31,0.059066920,0
31,0.070880300,0
31,0.085056360,0
31,0.102067600,0
31,0.122481200,0
31,0.146977400,0
31,0.176372900,0
31,0.211647500,0
31,0.253977000,0
31,0.304772400,0
31,0.365726900,0
31,0.438872300,0
31,0.526646700,0
31,0.631976100,0
31,0.758371400,0
31,0.910045700,0
31,1.092055000,0
31,1.310466000,0
31,1.572559000,0
31,1.887071000,0
31,2.264486000,0
31,2.717383000,0
31,3.260860000,1
31,3.913032000,0
31,4.695638000,1
31,5.634766000,0
31,6.761720000,0
31,8.114064000,1
31,9.736877000,0
31,11.684250000,0
31,14.021100000,0
31,16.825330000,0
31,20.190390000,0
31,24.228470000,0
31,29.074170000,0
31,34.889000000,0
31,41.866810000,0
31,50.240170000,0
31,60.288200000,0
31,72.345850000,0
31,86.815020000,0
31,104.178000000,10
31,125.013600000,87
32,0.000100000,0
32,0.000120000,0
32,0.000144000,0
32,0.000172800,0
32,0.000207360,0
32,0.000248832,0
32,0.000298599,0
32,0.000358318,0
32,0.000429982,0
32,0.000515978,0
32,0.000619174,0
32,0.000743009,1
32,0.000891611,0
32,0.001069933,1
32,0.001283919,0
32,0.001540703,0
32,0.001848844,1
32,0.002218613,0
32,0.002662335,0
32,0.003194802,0
32,0.003833763,0
32,0.004600516,0
32,0.005520619,0
32,0.006624744,0
32,0.007949693,0
32,0.009539632,0
32,0.011447560,0
32,0.013737070,0
32,0.016484490,0
32,0.019781380,0
32,0.023737660,0
32,0.028485200,0
32,0.034182240,0
32,0.041018690,0
32,0.049222430,0
32,0.059066920,0
32,0.070880300,0
32,0.085056360,0
32,0.102067600,0
32,0.122481200,0
32,0.146977400,0
32,0.176372900,0
32,0.211647500,0
32,0.253977000,1
32,0.304772400,0
32,0.365726900,1
32,0.438872300,0
32,0.526646700,0
32,0.631976100,1
32,0.758371400,0
32,0.910045700,0
32,1.092055000,0
32,1.310466000,0
32,1.572559000,0
32,1.887071000,0
32,2.264486000,0
32,2.717383000,0
32,3.260860000,0
32,3.913032000,0
32,4.695638000,0
32,5.634766000,0
32,6.761720000,0
32,8.114064000,0
32,9.736877000,0
32,11.684250000,0
32,14.021100000,0
32,16.825330000,0
32,20.190390000,0
32,24.228470000,0
32,29.074170000,0
32,34.889000000,0
32,41.866810000,0
32,50.240170000,0
32,60.288200000,0
32,72.345850000,0
32,86.815020000,1
32,104.178000000,0
32,125.013600000,4
